dimwishlist:item=2870169846&perks=1840239774,1087426260,1168162263,3523296417
dimwishlist:item=2870169846&perks=839105230,1885400500,280464955,706527188
dimwishlist:item=1197486957&perks=1840239774,106909392,4071163871,3523296417
dimwishlist:item=1197486957&perks=3250034553,3142289711,4267945040,3523296417
dimwishlist:item=20935540&perks=839105230,106909392,1168162263,1546637391
dimwishlist:item=20935540&perks=839105230,3177308360,1168162263,699525795
dimwishlist:item=4037745684&perks=1840239774,791862061,3300816228,3523296417
dimwishlist:item=4037745684&perks=4090651448,791862061,280464955,47981717
dimwishlist:item=42351395&perks=1441682018,3796465595,2450788523,1275731761
dimwishlist:item=42351395&perks=1478423395,3796465595,706527188,1275731761
dimwishlist:item=1621657423&perks=2801223209,16392701,247725512,3365897133
dimwishlist:item=1621657423&perks=2801223209,3429800428,247725512,4082225868
dimwishlist:item=3512349612&perks=1840239774,1483536627,2779035018,2726471870
dimwishlist:item=3512349612&perks=1840239774,2969185026,588594999,2846385770
dimwishlist:item=1766088024&perks=839105230,1087426260,2869569095,3523296417
dimwishlist:item=1766088024&perks=839105230,1885400500,2387244414,1359896290
dimwishlist:item=1513993763&perks=1840239774,106909392,4071163871,3425386926
dimwishlist:item=1513993763&perks=1482024992,3142289711,2387244414,1546637391
dimwishlist:item=981718087&perks=3525010810,2822142346,1556840489,3300816228
dimwishlist:item=981718087&perks=3525010810,2822142346,2450788523,3300816228
dimwishlist:item=2714022207&perks=1840239774,2680121939,1168162263,2213355989
dimwishlist:item=2714022207&perks=202670084,689005463,588594999,706527188
dimwishlist:item=4184808992&perks=3250034553,3142289711,3400784728,1546637391
dimwishlist:item=4184808992&perks=3250034553,3142289711,2450788523,957782887
dimwishlist:item=2050789284&perks=1840239774,106909392,1168162263,1015611457
dimwishlist:item=2050789284&perks=1482024992,3177308360,706527188,460017080
dimwishlist:item=2891672170&perks=1300023272,791862061,3300816228,806159697
dimwishlist:item=2891672170&perks=1047830412,791862061,3436462433,2450788523
dimwishlist:item=3565520715&perks=3525010810,3301904089,2284787283,2396489472
dimwishlist:item=3565520715&perks=1478423395,409831596,2450788523,706527188
dimwishlist:item=2776503072&perks=1840239774,106909392,2869569095,2458213969
dimwishlist:item=2776503072&perks=1482024992,3177308360,2866798147,706527188
dimwishlist:item=2453357042&perks=3525010810,3301904089,2284787283,2396489472
dimwishlist:item=2453357042&perks=1478423395,409831596,706527188,3592538738
dimwishlist:item=1641430382&perks=13792279,1087426260,247725512,1546637391
dimwishlist:item=1641430382&perks=2405638014,1885400500,706527188,2387244414
dimwishlist:item=2220884262&perks=1926090094,1561002382,1168162263,4082225868
dimwishlist:item=2220884262&perks=1926090095,1885400500,706527188,4082225868
dimwishlist:item=4248569242&perks=1840239774,791862061,3300816228,469285294
dimwishlist:item=4248569242&perks=1840239774,791862061,3161816588,957782887
dimwishlist:item=2990047042&perks=1840239774,106909392,1523832109,1546637391
dimwishlist:item=2990047042&perks=1840239774,3142289711,2039302152,957782887
dimwishlist:item=3281285075&perks=1840239774,106909392,247725512,3425386926
dimwishlist:item=3281285075&perks=1482024992,3142289711,3436462433,47981717
dimwishlist:item=1392919471&perks=1840239774,106909392,1523832109,2213355989
dimwishlist:item=1392919471&perks=1482024992,3142289711,2387244414,699525795
dimwishlist:item=3366545721&perks=3666208348,269888150,1749209109,1685431615
dimwishlist:item=3366545721&perks=3666208348,3732622839,2590710093,354401740
dimwishlist:item=4230965989&perks=1840239774,106909392,1523832109,3425386926
dimwishlist:item=4230965989&perks=1482024992,3142289711,1359896290,699525795
dimwishlist:item=1506719573&perks=1392496348,106909392,3436462433,3425386926
dimwishlist:item=1506719573&perks=1392496348,3177308360,1359896290,3425386926
dimwishlist:item=1030895163&perks=1840239774,1483536627,3436462433,4082225868
dimwishlist:item=1030895163&perks=1840239774,3868766766,2450788523,2213355989
dimwishlist:item=66875353&perks=3151536501,1087426260,3300816228,1546637391
dimwishlist:item=66875353&perks=3151536501,1885400500,2387244414,1890422124
